intrinsic:
  fx: 1038.025908832005
  fy: 1030.3921897899468
  cx: 907.7334711438499
  cy: 546.497896496949
  s: 0

distortion:
  k1: 0.06832183758734689
  k2: -0.13050688735305555
  p1: -0.001315886721231048
  p2: -0.0014500912369098586
  k3: 0.032413592567636276

extrinsic:
  left:
    x: 7.034922563595054
    y: 0.11002275735628292
    z: -19.566518969435208
    rotation: [-0.7982818451802091, -0.0013602498952421205, -0.6022825295290436, -5.325491769321062e-05,
      -0.9999972862929372, 0.0023290707751066927, -0.6022840632289672, 0.0018913294224455982,
      0.7982796064371313]
  right:
    x: -7.752541148130479
    y: 0.039449771927368905
    z: -19.207692108120753
    rotation: [-0.8023909404151395, -0.004930440240877959, 0.5967784090420322, 0.01298317696876111,
      -0.9998734305276614, 0.009195653355977256, 0.5966575364943493, 0.015126588639762632,
      0.8023533949953833]

refraction:
  n21: 1.4303
  h0: 0.0
  theta: 0.0
  phi: 0.0
