intrinsic:
  fx: 1015.247253462835
  fy: 1015.4998819959297
  cx: 967.9355408349132
  cy: 505.1993041576398
  s: 0

distortion:
  k1: 0.05632528645392621
  k2: -0.07930005088258682
  p1: 0.0022070601477895556
  p2: 0.0001474082728524496
  k3: -0.008328249243639658

extrinsic:
  left:
    x: 7.479111227159399
    y: 0.27552884681878564
    z: -24.314669250220476
    rotation: [-0.8420043339604519, -0.005353861839827706, -0.5394441933650003, 0.002232072593791166,
      -0.9999767682499296, 0.0064405599416846775, -0.5394661430004221, 0.004218900784140774,
      0.8419967229344909]
  right:
    x: -8.253471079960772
    y: 0.3713013195065715
    z: -23.99075694381827
    rotation: [-0.8326044216013738, -0.002111660976614525, 0.5538640790101497, 0.0018571285713887737,
      -0.9999977544841228, -0.0010208330820735134, 0.5538649909529496, 0.00017864666794431306,
      0.8326064736008583]

refraction:
  n21: 1.4303
  h0: 0.0
  theta: 0.0
  phi: 0.0
